UKNet.rut:21:78:17:0.000000:0.000002:0.000013:0.000072:0.000355:0.001364:0.001364:
EuroLarge.rut:43:180:47:0.000000:0.000000:0.000001:0.000002:0.000005:0.000013:0.000023:0.000062:0.000113:0.000229:0.000430:0.000743:0.001206:0.001206:
EuroCore.rut:11:50:4:0.000000:0.012529:0.012529:
ArpaNet.rut:20:62:23:0.000000:0.000002:0.000011:0.000033:0.000128:0.000412:0.001164:0.001164:
EON.rut:20:78:15:0.000000:0.000002:0.000024:0.000136:0.000743:0.002872:0.002872:
NSFNet.rut:14:42:12:0.000000:0.000004:0.000053:0.000462:0.002480:0.002480:
